4.279363999764124737e-01
4.287160260809792511e-01
4.330029514100816601e-01
4.362286799483828803e-01
4.384791274865468269e-01
4.401038328806559097e-01
4.452904532353083034e-01
4.567868689695994133e-01
4.660353634092542774e-01
4.743338154421912201e-01
4.809285978476206536e-01
4.889905297093921077e-01
4.954714914162953732e-01
5.021703090932634339e-01
5.085177845425076226e-01
5.148853467570411180e-01
5.206847786903381348e-01
5.265430728594462373e-01
5.323710646894243004e-01
5.383059746689267122e-01
5.432376490698920257e-01
5.484884646203782577e-01
5.525419440534379278e-01
5.568896207544539179e-01
5.618502438068390115e-01
5.665826658407847605e-01
5.710717684692806495e-01
5.754756980472141015e-01
5.795711464352077957e-01
5.837955600685543756e-01
5.875534441736008917e-01
5.912592795160082071e-01
5.951094448566436323e-01
5.987446712123023485e-01
6.015908532672458175e-01
6.050442788336012345e-01
6.084069689114888213e-01
6.115738756126827269e-01
6.146576126416524177e-01
6.176257087124719103e-01
6.207643979125552214e-01
6.236886852317385932e-01
6.266346527470483263e-01
6.293822414345211502e-01
6.319857107268439522e-01
6.347543378671010039e-01
6.374616079860263573e-01
6.400252706474728326e-01
6.424359838167826853e-01
6.448047624693976632e-01
