2.922585154573122401e-01
2.885355222556326149e-01
2.744965824815961963e-01
2.768089926077260121e-01
2.690182982219589958e-01
2.573942826853858334e-01
2.442756679322984348e-01
2.385303870671325321e-01
2.239302934871779671e-01
2.621962052252557740e-01
2.168139161335097542e-01
2.185384146041340347e-01
2.088872089982032887e-01
2.023688668178187378e-01
1.988914243049091646e-01
1.878508752418888983e-01
1.905961507310469927e-01
1.806957135597864750e-01
1.692517220146126100e-01
1.740042227837774458e-01
1.683371580309337978e-01
1.684191276629765921e-01
1.673582168089018940e-01
1.577041930622524735e-01
1.489867986490329144e-01
1.469614395250876671e-01
1.433203269210126529e-01
1.446383908390998785e-01
1.409329740537537401e-01
1.387247417536046634e-01
1.432282697823312467e-01
1.301141108903620114e-01
1.298596963286399730e-01
1.392783448100090027e-01
1.331019673910405765e-01
1.275424323148197647e-01
1.222521058387226467e-01
1.233867649402883293e-01
1.315088587502638573e-01
1.182807334595256388e-01
1.128676022092501285e-01
1.204279067615667970e-01
1.122052060233222071e-01
1.216383957200580235e-01
1.095625780522823389e-01
1.107991584887107195e-01
1.088696079949537932e-01
1.088204153709941419e-01
1.103738456136650475e-01
1.031173657005031857e-01
